+17247772386
+17249985975
+17249892013
+17242902490
+17245447855
+17242631723
+17245577501
+17249892079
+17245540314
+17245840614
+17243965645
+17246793509
+17245247474
+17246511910
+17245840929
+17243121706
+17246516027
+17245540225
+17245578432
+17244932473
+17247992472
+17247303225
+17247994734
+17242905608
+17244943853
+17243128153
+17243963792
+17247598565
+17248776705
+17247087893
+17242909345
+17246512923
+17243963087
+17247109031
+17244937012
+17244968982
+17247302546
+17245845853
+17249238997
+17243967503
+17247085285
+17243095059
+17242563082
+17248772746
+17246368948
+17247084198
+17243962112
+17249207103
+17245841273
+17243099352
+17245575616
+17248771956
+17247592935
+17248865323
+17247990752
+17247109614
+17247103303
+17245243600
+17246363919
+17245540711
+17242635102
+17247309291
+17242563218
+17247305206
+17247995701
+17243097199
+17243096211
+17242905259
+17245045536
+17249205519
+17246369362
+17249238189
+17246793620
+17245040343
+17242630007
+17245844202
+17249980003
+17245573964
+17247303569
+17245245371
+17245573106
+17248772912
+17247301438
+17247302906
+17247595732
+17243097284
+17245578903
+17249989656
+17249203078
+17245544288
+17247102883
+17245446074
+17249981651
+17242906477
+17246794496
+17245578719
+17245548102
+17245448884
+17245575130
+17243090455
+17244960630
+17247104267
+17245845919
+17248863551
+17242905711
+17249980852
+17244969184
+17243128426
+17244932267
+17245049827
+17247087826
+17245246152
+17247772574
+17246791071
+17246793089
+17247998191
+17249201872
+17245048554
+17247307523
+17248773032
+17242569884
+17249239786
+17247777489
+17242566714
+17245449303
+17245045203
+17242561406
+17245541056
+17249899537
+17245246474
+17242568756
+17246512684
+17242639589
+17243123917
+17242901828
+17242086182
+17247304400
+17247305674
+17244962802
+17245441788
+17246513121
+17245545273
+17247776131
+17247309007
+17247999720
+17247779521
+17247776046
+17247309242
+17243969608
+17242901611
+17242084946
+17247772432
+17247774847
+17242523048
+17242522889
+17249231553
+17242566781
+17243965234
+17242520693
+17249898861
+17243123378
+17249986660
+17242904431
+17244934514
+17247309592
+17244930674
+17245243684
+17247997225
+17246519647
+17242637069
+17244948997
+17244947790
+17245041330
+17249236285
+17244939298
+17242906291
+17249898598
+17244933598
+17245242420
+17246364420
+17243095601
+17245244454
+17243121660
+17243094062
+17247995657
+17245574489
+17244960567
+17247992596
+17245449136
+17246791031
+17244965129
+17247998110
+17245577392
+17244962220
+17243124741
+17244930545
+17243094552
+17249896123
+17245579974
+17247085448
+17245578631
+17244945798
+17245446520
+17243098542
+17243097643
+17247305960
+17247109323
+17245575030
+17243127963
+17244940477
+17248775936
+17249205971
+17249892026
+17249897439
+17245040809
+17242087275
+17243122107
+17243122419
+17246512714
+17243125380
+17244931101
+17245579591
+17245447161
+17245840881
+17245445611
+17246367611
+17242567106
+17245540450
+17248867586
+17245047458
+17243966366
+17244964701
+17248865301
+17242520570
+17248865822
+17243968273
+17246510739
+17245041385
+17244962827
+17243121413
+17249989747
+17248774734
+17245841043
+17244949992
+17244936014
+17247594372
+17244965178
+17245571668
+17247302615
+17247308889
+17247107387
+17242634288
+17246793696
+17242521115
+17245548357
+17248772629
+17244960310
+17245541369
+17249203029
+17245545957
+17242525305
+17242560120
+17243096819
+17248863355
+17243966059
+17245041108
+17248772339
+17247301459
+17242523897
+17245579210
+17245545547
+17242523470
+17244931514
+17248868773
+17245044785
+17242520513
+17249233518
+17249984223
+17249987325
+17246361542
+17242528527
+17243097070
+17247308780
+17249987607
+17244945080
+17246793471
+17243123487
+17246367631
+17247103337
+17245242145
+17244937682
+17245047422
+17245573497
+17246361640
+17243963923
+17245240629
+17246369889
+17245845627
+17244965655
+17242525286
+17249236827
+17242908266
+17246791513
+17245577714
+17248773642
+17242528305
+17242637998
+17242521538
+17242632576
+17247308910
+17249893084
+17246365046
+17248865893
+17243967748
+17245572367
+17244934853
+17243092601
+17242639149
+17243126199
+17243125679
+17243096665
+17247775966
+17243122116
+17248865797
+17246510557
+17249897330
+17249237442
+17247999187
+17242639319
+17243095088
+17242565024
+17247590445
+17242630771
+17245579935
+17245840878
+17249895940
+17243967936
+17244944262
+17243121868
+17247997037
+17247994119
+17245245944
+17242084755
+17245844931
+17242527048
+17245249508
+17245046165
+17247994841
+17245044472
+17247081767
+17249987686
+17249208244
+17242567216
+17249984207
+17242087924
+17245447095
+17245545807
+17244943310
+17244960002
+17249895769
+17242569943
+17249983952
+17249984605
+17245544878
+17248775681
+17244939476
+17242565307
+17249897490
+17247593845
+17247104852
+17247084791
+17247084643
+17242634652
+17245240041
+17242560943
+17249891189
+17245548949
+17245841525
+17247592716
+17243096408
+17245248562
+17245240400
+17247595293
+17247303363
+17245578697
+17242569602
+17245248578
+17243098279
+17247995526
+17247772508
+17247306919
+17244943761
+17242525464
+17242902427
+17248863402
+17246510981
+17243969346
+17249898296
+17242523431
+17242089384
+17242082839
+17245040327
+17246367522
+17242635649
+17247990071
+17242904697
+17242520085
+17245849361
+17244939622
+17247100430
+17246510098
+17247594334
+17248868263
+17243122041
+17242635637
+17244969183
+17242082442
+17243096461
+17249230856
+17242633150
+17242631278
+17247772324
+17245249977
+17242529323
+17249984026
+17249984345
+17245247287
+17242081679
+17242909902
+17245545886
+17242569403
+17243961685
+17243125842
+17242528694
+17245444706
+17249894261
+17249239685
+17242909664
+17249231926
+17249899029
+17248775932
+17249209218
+17246362430
+17242908237
+17242637840
+17246795036
+17245849915
+17247102510
+17249980238
+17243124659
+17246795266
+17248869567
+17248772691
+17249203309
+17245841611
+17245040446
+17244931265
+17242566613
+17249205337
+17242901767
+17244936005
+17243099856
+17248864658
+17247105617
+17242634339
+17242562232
+17244965414
+17246796583
+17247309688
+17245570563
+17245043662
+17245575169
+17246362059
+17248867283
+17248776516
+17247994379
+17244966973
+17243126770
+17242564760
+17243967381
+17243962329
+17243092133
+17242528408
+17249895066
+17246513306
+17248774780
+17247778134
+17243964045
+17242521722
+17245844943
+17246511467
+17245542162
+17249899670
+17245548318
+17246510261
+17248866371
+17245844424
+17246793466
+17249980861
+17247107666
+17247082314
+17245577643
+17249239570
+17248778520
+17249896260
+17244968668
+17248775206
+17242900908
+17246790436
+17247107669
+17243095359
+17247998485
+17245242129
+17249894105
+17244960784
+17247998675
+17244965972
+17247591091
+17242904753
+17245576309
+17248776325
+17245577152
+17248778685
+17247101893
+17244962079
+17247107836
+17249980567
+17243091709
+17245577489
+17243098101
+17245444822
+17245540479
+17247105400
+17245446979
+17245575812
+17246790948
+17247991934
+17247101865
+17245545831
+17243090697
+17243123836
+17249980765
+17246517829
+17247109753
+17247083265
+17249892775
+17246517124
+17243129551
+17245165454
+17249808672
+17245701152
+17245560614
+17249716133
+17245707943
+17245188020
+17247341689
+17249711811
+17247129059
+17249741095
+17245166976
+17245707798
+17249106278
+17249027625
+17249100170
+17249100732
+17249880955
+17249809243
+17245166141
+17245133490
+17247348817
+17245139535
+17245186934
+17249025963
+17245131765
+17247124489
+17249028827
+17249882315
+17245183716
+17249713844
+17249109951
+17245131510
+17246124223
+17249741034
+17249800213
+17245567453
+17244135106
+17245168921
+17245138406
+17245561805
+17245160526
+17249740453
+17245166651
+17247344605
+17245134309
+17249885342
+17249743431
+17247122513
+17249881550
+17245181734
+17249805671
+17249027723
+17249105081
+17249889881
+17245164697
+17245564173
+17249026100
+17245185661
+17245560937
+17247128874
+17245560043
+17247344865
+17249108518
+17245163892
+17249104773
+17247128933
+17249745805
+17249107143
+17246127980
+17249716470
+17249028215
+17245703300
+17245562056
+17247343934
+17249886232
+17249711643
+17245569992
+17247121508
+17245162918
+17249107108
+17249710185
+17249889851
+17245562859
+17249715755
+17249105114
+17246124907
+17249712750
+17249880555
+17246125231
+17249101803
+17249023963
+17244138573
+17249712953
+17249100742
+17245188182
+17245135893
+17249103419
+17245137730
+17244138818
+17244135532
+17247121674
+17245187119
+17249740307
+17249886157
+17246122093
+17247122435
+17245160518
+17244137189
+17245167517
+17244136651
+17245166600
+17249026306
+17249748187
+17245164729
+17245138034
+17249744990
+17249103829
+17245708979
+17247123395
+17246123668
+17246123881
+17249718637
+17247129931
+17247128706
+17249719105
+17247345286
+17249025387
+17249103253
+17245135327
+17245186404
+17247348530
+17245702015
+17245704970
+17249025672
+17247342141
+17245169112
+17249712487
+17249887519
+17249807522
+17247125165
+17249104656
+17247346781
+17249740319
+17249744731
+17245561109
+17247341670
+17249742414
+17245161926
+17249740666
+17247349049
+17249807025
+17245187465
+17249108575
+17249103798
+17245188662
+17249710738
+17246122461
+17247127345
+17249801314
+17249745934
+17249712559
+17245182464
+17244131149
+17246128320
+17247129081
+17249807759
+17244130451
+17245181052
+17246124017
+17249714814
+17249744147
+17247122782
+17249809040
+17249710286
+17247348520
+17244139270
+17249717225
+17249807607
+17249749647
+17245189767
+17249105098
+17249102247
+17249742500
+17249742008
+17249883325
+17249740309
+17249027099
+17249880834
+17245136104
+17247126602
+17244130719
+17245701083
+17245703068
+17245705214
+17245565926
+17249715984
+17245181416
+17247127720
+17249713045
+17245564795
+17245182153
+17244139084
+17245136343
+17247340506
+17245169324
+17245185657
+17247125503
+17245566162
+17247342852
+17245133421
+17249803225
+17249021893
+17246129343
+17245160135
+17245137662
+17245565669
+17249889366
+17246120329
+17249029416
+17246129908
+17247349307
+17246123806
+17245563084
+17249109390
+17249805489
+17249102900
+17245708127
+17245560053
+17247123915
+17245181914
+17245166201
+17245560897
+17245163552
+17249806012
+17245708690
+17249022632
+17245169648
+17245167546
+17246125891
+17249102480
+17247347684
+17245162138
+17249029704
+17245165054
+17245182345
+17246126683
+17249020113
+17245164352
+17245134424
+17245707856
+17245700876
+17249747977
+17245162898
+17249809544
+17249747687
+17244131134
+17245706587
+17246125727
+17249021970
+17246129054
+17247342277
+17244138361
+17245702404
+17249809436
+17245181213
+17249713352
+17249746117
+17245135600
+17249885875
+17245181973
+17244133691
+17247128576
+17245181231
+17249020273
+17245166184
+17245169984
+17245136974
+17249710861
+17249100072
+17249806362
+17249806528
+17245567892
+17247125031
+17245161928
+17245703912
+17247128239
+17245561023
+17244136175
+17249101320
+17245186233
+17245700474
+17245183498
+17244136643
+17247124612
+17249889800
+17249025897
+17247340328
+17245563220
+17245166942
+17245135201
+17249028314
+17245701204
+17249743518
+17246120121
+17249106677
+17249805113
+17245568959
+17247127877
+17245563277
+17245706390
+17249710273
+17245562074
+17247128185
+17244131514
+17249027478
+17249886381
+17245566432
+17249711588
+17244139955
+17249743090
+17245568950
+17247129946
+17245560393
+17249104176
+17245560907
+17249028236
+17247345477
+17245708204
+17249716801
+17249711808
+17244131873
+17249747186
+17245168852
+17245168316
+17245701052
+17249888729
+17244138833
+17245703243
+17245135683
+17245160866
+17249743576
+17247125574
+17245164499
+17249028603
+17249100783
+17249107137
+17249714498
+17249712394
+17245188744
+17245568872
+17249100969
+17246129969
+17244134122
+17247344593
+17244136182
+17249025940
+17249740283
+17249808573
+17244137213
+17247124281
+17249105024
+17249025391
+17249102165
+17249022233
+17245566058
+17244136905
+17249712056
+17244133698
+17245708610
+17247125152
+17245138684
+17249713598
+17245133991
+17246125612
+17249800795
+17247128065
+17249109363
+17245703290
+17247124352
+17249028235
+17245186037
+17246123109
+17245568645
+17245569332
+17249715489
+17249806074
+17249106691
+17245562794
+17245185816
+17249807904
+17247347744
+17245707170
+17244135695
+17249884167
+17249889246
+17245569931
+17249804577
+17249026285
+17249745153
+17249806045
+17245569149
+17245704575
+17249024441
+17249802540
+17249749362
+17249807773
+17247124741
+17249809174
+17249109061
+17249743773
+17247342906
+17245184064
+17249028819
+17246122501
+17245561643
+17245181723
+17249888150
+17249712988
+17247343747
+17247348903
+17245706601
+17245567990
+17245185295
+17247123851
+17245162584
+17249101846
+17245180024
+17249100479
+17247341213
+17249025704
+17245565003
+17247345397
+17245702602
+17249742925
+17245565672
+17245133009
+17246126502
+17245562426
+17244131069
+17247343639
+17249741116
+17249107962
+17245566720
+17247122377
+17244130403
+17249746590
+17249109280
+17245184374
+17249101403
+17246126370
+17249882712
+17249029102
+17249715666
+17245137146
+17245164675
+17249108028
+17245702486
+17245564759
+17247125686
+17247345979
+17245565835
+17249744644
+17245160424
+17245706500
+17246122399
+17249104344
+17245704841
+17249886573
+17245700618
+17245185496
+17245185841
+17245563070
+17245702505
+17245187686
+17249888277
+17245186912
+17249106202
+17245561184
+17249802235
+17246123304
+17246126583
+17249886994
+17247349427
+17249028176
+17245188190
+17247342289
+17249105189
+17245189733
+17249713159
+17244136979
+17249713966
+17245564203
+17247340519
+17249801353
+17249714407
+17249800905
+17245709905
+17247127072
+17245166105
+17249025173
+17247340550
+17245134169
+17246124423
+17245138180
+17245562045
+17249107261
+17249742110
+17249102376
+17247125852
+17245189760
+17249800620
+17245169949
+17245708504
+17249719868
+17249103062
+17249740250
+17249749370
+17249881215
+17245182769
+17245165934
+17249888741
+17249716122
+17249805560
+17246126458
+17245704018
+17249746093
+17249743462
+17245134696
+17245162152
+17249805203
+17244135559
+17245167036
+17245706425
+17249802986
+17249711698
+17247345869
+17245166203
+17249101095
+17249805494
+17249883923
+17249744610
+17247343697
+17245160133
+17245567031
+17247120503
+17249716390
+17247348949
+17245568025
+17249801944
+17249104559
+17245130884
+17249104284
+17245184337
+17249102677
+17245180500
+17245184276
+17249714298
+17249806116
+17245566861
+17249107078
+17249745639
+17246125872
+17247346230
+17245186333
+17249023679
+17244130805
+17245186140
+17245168834
+17244135786
+17249716511
+17245133159
+17249802320
+17249746102
+17244132345
+17245169858
+17249026054
+17245563393
+17249746608
+17249808332
+17249710343
+17245560397
+17247122486
+17249804432
+17245706712
+17245169027
+17247122360
+17249717339
+17249803042
+17249026373
+17249106711
+17245564662
+17249806857
+17247348867
+17249888019
+17245163379
+17245704329
+17244133228
+17249106039
+17249022600
+17245562425
+17245132198
+17245182439
+17245138863
+17247127789
+17244136359
+17249806308
+17244136911
+17245138497
+17245702901
+17245560969
+17245562500
+17249020260
+17245169513
+17245704354
+17249744881
+17249742847
+17245561967
+17245183129
+17249022965
+17249888601
+17244131466
+17249102063
+17247341926
+17245161786
+17249809194
+17249020972
+17245162171
+17245181485
+17244133404
+17245162635
+17249747347
+17249024492
+17245568913
+17244132949
+17249103386
+17245130587
+17249023035
+17249025904
+17249023476
+17244136975
+17247343699
+17244130741
+17245130494
+17249107953
+17247344061
+17249715508
+17245569232
+17249104400
+17244138877
+17246126858
+17249718091
+17245130880
+17245183245
+17245565420
+17245701898
+17245186982
+17249026410
+17245169925
+17247122583
+17249716816
+17247127899
+17249746074
+17249886694
+17249807601
+17245180341
+17247121395
+17245702484
+17249804272
+17249107432
+17245164889
+17244136259
+17244135887
+17249886916
+17245566749
+17249808290
+17249880408
+17249745331
+17245706396
+17245181583
+17247123122
+17245563006
+17245566563
+17245130529
+17245567259
+17245564458
+17249801067
+17245134264
+17247125798
+17246126865
+17245165499
+17249713531
+17245133867
+17249716007
+17245168705
+17249803336
+17245168681
+17249744598
+17249101146
+17249029570
+17245132910
+17249883645
+17245183108
+17247347878
+17244134731
+17247343856
+17249711882
+17245700459
+17249107308
+17246125346
+17245564532
+17245135769
+17245561960
+17244138092
+17245565790
+17245185725
+17247344770
+17247127344
+17245163343
+17244132185
+17249886188
+17249712784
+17246129166
+17244135769
+17245562531
+17249023104
+17247344708
+17245188403
+17249801657
+17245562464
+17249800374
+17249107334
+17245168947
+17249717263
+17244132385
+17249740959
+17245568984
+17245186928
+17249746963
+17249029986
+17249026142
+17245562069
+17247346925
+17247340987
+17245162869
+17246127464
+17249806896
+17249743989
+17244136571
+17249885508
+17245165276
+17245706776
+17249024457
+17249029983
+17245701581
+17249710823
+17246123224
+17244133643
+17249888870
+17249713861
+17245161245
+17245705194
+17245708540
+17249716744
+17249716821
+17249742952
+17249885093
+17249026587
+17246121363
+17249029872
+17245564760
+17245137241
+17249742471
+17245706705
+17249805418
+17249025225
+17245709874
+17249749221
+17249746269
+17249888705
+17249888675
+17247120822
+17246126390
+17244130761
+17249740565
+17245133103
+17244133002
+17245708709
+17244132622
+17249109968
+17245131231
+17249809780
+17245180164
+17249804985
+17249715664
+17247124567
+17249029037
+17247345370
+17246126871
+17247129166
+17249022115
+17245164215
+17245563915
+17249718810
+17247124843
+17249020878
+17249882763
+17249882674
+17249807078
+17249109535
+17249109647
+17247341545
+17247127620
+17247122671
+17249749886
+17246121860
+17245701459
+17249029688
+17245702020
+17245702230
+17249105819
+17245131855
+17245564795
+17249889065
+17245702686
+17245138546
+17245187654
+17245131951
+17249717847
+17245164165
+17245189027
+17245137291
+17249719163
+17245182058
+17249024428
+17245568108
+17245704968
+17249807791
+17244138070
+17245561092
+17245165137
+17245165978
+17245161693
+17244132438
+17245701968
+17249802155
+17249711456
+17247126169
+17249749359
+17246124660
+17247127074
+17245160835
+17249108568
+17246122818
+17245568980
+17245163644
+17249806541
+17244132035
+17245560701
+17245568654
+17247346477
+17247123036
+17245702820
+17249801103
+17249026159
+17244134188
+17249713575
+17245132867
+17244132906
+17249887082
+17249108981
+17247348722
+17247124217
+17249710473
+17244130132
+17249882498
+17249807593
+17245166218
+17244130677
+17247129733
+17245130668
+17245569282
+17249883190
+17245566521
+17247125225
+17249743859
+17246123923
+17247128226
+17245135563
+17245189221
+17249804131
+17246128672
+17245700052
+17249740874
+17249024202
+17247122694
+17245181678
+17245565202
+17246127022
+17249742894
+17249108708
+17249741638
+17249020831
+17244138654
+17244135286
+17247341873
+17247122304
+17245164928
+17249026171
+17247341063
+17245180125
+17249804797
+17247345958
+17247344894
+17249742481
+17245708246
+17245160917
+17249747148
+17247123493
+17249802183
+17244135631
+17246126503
+17245138139
+17249109198
+17245135358
+17244135503
+17247348845
+17247120891
+17245165230
+17244136017
+17245703715
+17249713302
+17244135711
+17244135899
+17247341552
+17249802269
+17245700921
+17249881206
+17244135938
+17249105872
+17245166226
+17249101855
+17249716177
+17249105660
+17249887760
+17247129592
+17245184325
+17244137765
+17249102099
+17249716713
+17249887776
+17247343590
+17245568450
+17245169961
+17245563286
+17247129965
+17249889623
+17247122922
+17245137282
+17245564648
+17249883345
+17245163256
+17246121600
+17245160799
+17245138324
+17245135850
+17249714921
+17249802716
+17247124575
+17247346373
+17249805336
+17249029037
+17249022891
+17244139349
+17245164213
+17249716889
+17249745198
+17249889202
+17245186390
+17245162665
+17249882164
+17245709857
+17247340434
+17245164302
+17245182195
+17246123204
+17249809017
+17245567857
+17245564397
+17249749649
+17249106186
+17245136827
+17249102638
+17249744922
+17246125802
+17249026888
+17246122992
+17249881269
+17249109284
+17245564489
+17247347101
+17247347605
+17249805077
+17249749019
+17245181393
+17249881203
+17249714949
+17245166532
+17246129497
+17249888547
+17244134135
+17245137943
+17247121635
+17245708800
+17249107561
+17249104802
+17247128774
+17245569697
+17247346633
+17249803058
+17245162757
+17245131493
+17247124753
+17247344896
+17245564619
+17246122825
+17249882705
+17249712794
+17244133138
+17245564981
+17245163979
+17244139671
+17245702963
+17247343259
+17245185544
+17245702960
+17245703319
+17246123370
+17245161264
+17249805171
+17245186295
+17246129635
+17245136332
+17245708622
+17249712391
+17245706165
+17249883791
+17249884708
+17247340878
+17246121536
+17249809457
+17249746038
+17249800491
+17246126161
+17245564608
+17245186400
+17249022721
+17246123778
+17249021587
+17245708925
+17245136123
+17246122957
+17247129608
+17245188369
+17245160741
+17245163611
+17249712049
+17249719265
+17249022248
+17246121655
+17249107034
+17245182094
+17246123661
+17245707403
+17249801033
+17249716172
+17246129441
+17249881670
+17249883034
+17244138757
+17246120604
+17247341451
+17244139567
+17245136326
+17245133488
+17245181530
+17249102692
+17245138443
+17245168246
+17246126788
+17245568602
+17244139294
+17247340108
+17246125514
+17249748818
+17245136122
+17246128889
+17245705055
+17245137637
+17245707179
+17249807805
+17247127764
+17247122721
+17245131346
+17245707103
+17249741159
+17245136911
+17249886856
+17249805997
+17246129763
+17249805873
+17249806433
+17249103727
+17247343158
+17247340058
+17249809344
+17245705017
+17245705361
+17245130284
+17245569663
+17249026365
+17245569148
+17249100799
+17245164266
+17247121973
+17245185934
+17245164863
+17249716046
+17249745100
+17249882004
+17245706159
+17245701058
+17245562427
+17247349204
+17249025175
+17249022898
+17245160080
+17249884275
+17249809588
+17249808556
+17245132876
+17249711068
+17249024801
+17247344471
+17245164613
+17245705594
+17249888162
+17245704315
+17247347949
+17247129369
+17247128535
+17249028366
+17249747108
+17245169036
+17245707947
+17249746052
+17246120181
+17247342464
+17245186209
+17249749455
+17246122888
+17249880234
+17249803049
+17247343208
+17249027023
+17247123070
+17249806428
+17245561760
+17245164746
+17245562260
+17245567748
+17245162517
+17247128161
+17245165683
+17245700249
+17249804433
+17245705765
+17249026010
+17247124021
+17246127756
+17245709772
+17247340236
+17246121594
+17249712520
+17247342872
+17245709138
+17246129500
+17249711982
+17249108544
+17244139239
+17247120120
+17245709448
+17247341687
+17245186482
+17245189809
+17245704488
+17249880019
+17245187195
+17244136455
+17246125361
+17249102915
+17249023906
+17249105488
+17249884602
+17249107189
+17249745805
+17249029551
+17249882738
+17245133326
+17245130820
+17249889654
+17249719050
+17249804041
+17246120839
+17245564284
+17249029029
+17247346132
+17249882034
+17245568654
+17249884197
+17249743700
+17245139893
+17244135099
+17245169444
+17245165869
+17244134919
+17247120109
+17245161534
+17249712078
+17247129322
+17245130102
+17249882711
+17249027695
+17249026524
+17246129209
+17249880105
+17249744955
+17249808751
+17245134068
+17249025699
+17245137454
+17246129298
+17245562142
+17249713960
+17249743847
+17245566925
+17245131880
+17246124899
+17249105268
+17249028592
+17245169204
+17245182319
+17245707584
+17247346814
+17244133905
+17249809352
+17247345674
+17249021510
+17247124770
+17249029517
+17249880657
+17247344200
+17245701768
+17249024157
+17249029880
+17245561053
+17247128743
+17245133184
+17249021547
+17246127843
+17249740507
+17245181057
+17249740038
+17245139322
+17245705897
+17245561635
+17245566478
+17245180256
+17246120516
+17247125255
+17249746589
+17249747105
+17245703727
+17249884788
+17245167581
+17249106002
+17245706715
+17244138246
+17245163093
+17244134379
+17249801550
+17244131773
+17249747064
+17245561186
+17245163028
+17249881275
+17249716921
+17249712172
+17245165614
+17245705674
+17245187846
+17245560816
+17245560597
+17249717414
+17245160959
+17245164597
+17249804732
+17249740909
+17249100531
+17249107895
+17245187113
+17245562599
+17249717559
+17249716444
+17246122489
+17249029671
+17247122577
+17249718843
+17244134561
+17249808740
+17246123773
+17249109918
+17244138511
+17245164895
+17247344660
+17249716357
+17249887544
+17249749488
+17244137973
+17246124500
+17249107755
+17245169490
+17249714307
+17249882017
+17249717597
+17245184226
+17249022348
+17247341060
+17245183831
+17245700564
+17247125959
+17245565961
+17245705419
+17245568088
+17249717911
+17245703919
+17249800176
+17245185475
+17249024453
+17249888812
+17249883969
+17247340026
+17245186623
+17245163374
+17249805021
+17249027050
+17244133871
+17245180612
+17249104448
+17246120007
+17249809508
+17249107573
+17245167116
+17249883456
+17247122714
+17249711846
+17245160578
+17249745099
+17245161278
+17249106828
+17245167322
+17245701238
+17246129705
+17249719749
+17245168406
+17249748037
+17247345314
+17249888932
+17249025844
+17249885421
+17247121678
+17247127879
+17246121431
+17246126060
+17249808893
+17249746703
+17249100585
+17245708537
+17245163809
+17249743386
+17245701658
+17245567006
+17244131278
+17249716320
+17247121408
+17247129280
+17249710447
+17249714582
+17247126745
+17244130209
+17249715630
+17249809961
+17249021165
+17247128813
+17247127510
+17245186839
+17249029859
+17244137705
+17249107950
+17245709980
+17244138647
+17245704215
+17245138635
+17249106511
+17249805302
+17245134311
+17246128743
+17249881020
+17249718326
+17249109238
+17247124709
+17249105917
+17245188741
+17245566690
+17245564102
+17246127661
+17245181157
+17246123884
+17247348141
+17249802163
+17247129113
+17249027388
+17244130197
+17245166974
+17247346301
+17249713044
+17249021797
+17249747096
+17249885461
+17245707161
+17247126183
+17249024035
+17245187473
+17244130707
+17245709190
+17245131575
+17245700108
+17249029754
+17247122536
+17245566931
+17247349273
+17246121059
+17247340337
+17249102339
+17245185383
+17247344115
+17244137681
+17245186005
+17249745007
+17244137608
+17249710313
+17247348971
+17249717720
+17244138482
+17249884105
+17249803141
+17246124386
+17245184393
+17249023026
+17247342914
+17246126859
+17247342632
+17249101186
+17247122025
+17249715020
+17245181800
+17247127451
+17245188389
+17249716550
+17249742463
+17245131514
+17249710807
+17249800273
+17249027194
+17245182828
+17249710234
+17244138990
+17246124613
+17247126140
+17246128351
+17245161032
+17249809740
+17247121112
+17249741422
+17246126593
+17247347882
+17249882767
+17249107302
+17247348985
+17245564554
+17247125753
+17245162678
+17247128763
+17245180727
+17245160558
+17249801488
+17244132068
+17245131701
+17249808253
+17249744617
+17245182984
+17249717876
+17245133633
+17247124042
+17247120655
+17247348996
+17247349183
+17246120843
+17245704667
+17249749979
+17244132713
+17245187460
+17249109310
+17247341084
+17249103254
+17245704337
+17245707244
+17249713823
+17246128549
+17249710798
+17247124746
+17244130591
+17249713892
+17245709220
+17249710854
+17245186898
+17246127051
+17245130421
+17245703940
+17249102500
+17247343868
+17249744724
+17245167650
+17249804390
+17247125051
+17249717752
+17244131710
+17244136250
+17249719903
+17249889844
+17246123214
+17245131829
+17249021943
+17249807325
+17245161646
+17245136561
+17245168733
+17247340439
+17247127831
+17249714933
+17249807505
+17245704195
+17245167882
+17245569515
+17249747322
+17245182588
+17244139530
+17245181693
+17249803391
+17247128079
+17249109487
+17249884826
+17245134473
+17245184565
+17247121853
+17249710160
+17247129954
+17245161642
+17245181585
+17244130048
+17249108961
+17245566103
+17247129398
+17245180418
+17244132815
+17246122091
+17245185352
+17249108658
+17245180176
+17247127938
+17245702467
+17249800386
+17245703242
+17247120736
+17249027931
+17246122813
+17245168501
+17245162326
+17249806754
+17249713328
+17249715752
+17245564537
+17245562385
+17249100359
+17245160382
+17249880887
+17245182719
+17249744411
+17249883082
+17249881475
+17245705667
+17249887077
+17244138796
+17246127607
+17246129255
+17249742905
+17245189220
+17249713585
+17245183795
+17249028326
+17245163480
+17246121784
+17247340668
+17249806694
+17249710043
+17244138381
+17249100308
+17245708151
+17247121392
+17245184588
+17245567834
+17245169605
+17245567229
+17247129098
+17244137640
+17245566439
+17249745671
+17245187344
+17249717225
+17245138791
+17247125951
+17249804803
+17246127358
+17247342958
+17249742934
+17244135235
+17249025625
+17249713941
+17247124976
+17244133720
+17249884135
+17245189547
+17249887845
+17246124632
+17249020146
+17249742071
+17249021890
+17245163986
+17249100226
+17249808573
+17249027503
+17249745026
+17249741497
+17249746819
+17245567123
+17249712742
+17249801062
+17245561362
+17244134981
+17245169424
+17245167927
+17247341526
+17249107502
+17249717321
+17245133303
+17249103159
+17249741382
+17247341699
+17249024988
+17244131212
+17244132601
+17245703034
+17245705508
+17244131538
+17245561949
+17247349418
+17244132646
+17249806621
+17245134898
+17249808041
+17247122596
+17245130878
+17245161120
+17249802146
+17247340023
+17245132121
+17249029694
+17249889357
+17246126313
+17249109722
+17247349146
+17249742028
+17245188442
+17245160604
+17245189555
+17249027580
+17247123630
+17245136170
+17245705719
+17249745980
+17247124840
+17245167227
+17245132968
+17249102525
+17247346165
+17249027938
+17245188520
+17245706220
+17245702897
+17246129197
+17245133553
+17244133914
+17249805216
+17249887703
+17245163664
+17249022494
+17245185826
+17249712235
+17247347239
+17246128170
+17249026926
+17247126945
+17244136469
+17245139841
+17246126662
+17249718755
+17246121303
+17249718564
+17249880962
+17249743911
+17245564794
+17249101565
+17249801152
+17245569556
+17249710410
+17249747184
+17249718586
+17249718091
+17249740584
+17246125520
+17245184724
+17249806643
+17249807642
+17245181166
+17245566222
+17249103296
+17249744785
+17245704240
+17245182222
+17244135099
+17245563622
+17249027092
+17249740048
+17245707497
+17244138746
+17249026740
+17245139677
+17244138356
+17247121421
+17247347773
+17246120232
+17249718818
+17249107263
+17245186780
+17245187046
+17244132854
+17249743859
+17249712509
+17249021502
+17247127738
+17245181262
+17249802454
+17249745718
+17249106003
+17249717280
+17244134910
+17245131003
+17245182776
+17245138103
+17249020570
+17247342892
+17249885171
+17249889101
+17249886577
+17247129215
+17244135687
+17246121029
+17249880779
+17245706142
+17249713380
+17249806377
+17245139891
+17244137692
+17245168239
+17249718677
+17245709489
+17247341800
+17249808586
+17244131291
+17249888451
+17247346219
+17245184103
+17245165958
+17246125076
+17245567934
+17244130003
+17245702672
+17245162592
+17246123543
+17245567537
+17249740906
+17246120988
+17245138155
+17246121330
+17249808894
+17249106570
+17244130923
+17245183307
+17249741708
+17244138638
+17246123647
+17249746061
+17246129907
+17244136058
+17249747686
+17246123353
+17245135286
+17247340908
+17247124081
+17249881284
+17247128634
+17249881899
+17249889732
+17244137784
+17244139448
+17249807258
+17249714593
+17245704799
+17249718607
+17245702158
+17246122212
+17247122051
+17249740862
+17246122283
+17249805716
+17247345244
+17249888308
+17249889588
+17249744400
+17246129722
+17249881909
+17245708175
+17245133635
+17245560158
+17246124073
+17249886925
+17245163323
+17245164688
+17249806430
+17245163968
+17247349754
+17249713883
+17247341512
+17246120920
+17249106747
+17245566751
+17245131865
+17249802279
+17249106084
+17245708202
+17245135175
+17247345678
+17249883035
+17249802287
+17249806514
+17246122456
+17249885457
+17245168944
+17249712248
+17249106214
+17245184704
+17249747204
+17245162224
+17249887248
+17247340463
+17249749603
+17245184832
+17245181624
+17249026803
+17245705480
+17245134843
+17249743440
+17249101259
+17247346812
+17249029836
+17249107844
+17245135070
+17245168519
+17245706491
+17244131395
+17249809427
+17247348994
+17245184769
+17245706673
+17244132246
+17249714846
+17245138529
+17246120241
+17249714952
+17249749789
+17249806884
+17245132532
+17249885013
+17249711672
+17246126064
+17249028263
+17249802782
+17249716311
+17246127309
+17245133291
+17249712110
+17246129987
+17245162868
+17249717587
+17249808082
+17245135061
+17249885435
+17249746139
+17245700040
+17245168524
+17245706244
+17247122658
+17245708745
+17247123474
+17249715611
+17249803886
+17244136889
+17249100899
+17245169189
+17247128472
+17249023479
+17249805193
+17247344644
+17245139817
+17245709686
+17245709821
+17249803316
+17245565149
+17245703841
+17249024990
+17249717068
+17249103064
+17249742496
+17245134510
+17245704043
+17249747069
+17245185240
+17245164240
+17247346899
+17245565032
+17249107675
+17245135495
+17249883491
+17245135478
+17245164300
+17245701546
+17245185043
+17244132658
+17247129489
+17249801327
+17245164425
+17245137012
+17246126840
+17245180990
+17247122571
+17245166472
+17247345116
+17249711062
+17247129218
+17249808913
+17249022254
+17249881291
+17249714163
+17244133308
+17245700947
+17245701307
+17249028548
+17245569598
+17245702284
+17249806739
+17245136712
+17249801998
+17244135603
+17249886178
+17244133615
+17245707478
+17249885384
+17247348572
+17249745428
+17247126200
+17245161979
+17249022855
+17247344977
+17249713820
+17245186073
+17249885412
+17246129850
+17244136807
+17249884953
+17245567299
+17245137682
+17245183033
+17245563109
+17245136658
+17249742385
+17245562953
+17246121154
+17245703184
+17249105373
+17247347801
+17245133543
+17246123114
+17249105393
+17249104682
+17246125124
+17246125010
+17249744798
+17247126675
+17249102690
+17247342445
+17249801642
+17245704394
+17249027949
+17245180009
+17245565158
+17249889239
+17249103853
+17245137552
+17249880273
+17244137459
+17249104019
+17245700762
+17245165688
+17249746848
+17249882449
+17245137450
+17244134063
+17249748094
+17249749212
+17247127280
+17245708971
+17249806789
+17249885962
+17249027875
+17246123959
+17247129295
+17249746163
+17245567393
+17245567898
+17249741018
+17249028997
+17249105304
+17245135710
+17245163417
+17246129142
+17246121848
+17249809140
+17244132156
+17249102830
+17245707749
+17249741556
+17249884253
+17246120733
+17249801441
+17245162856
+17249746771
+17249802961
+17245565382
+17249104467
+17245135656
+17245707602
+17244135845
+17249716999
+17249745944
+17245560742
+17249886945
+17247341548
+17245702629
+17249710705
+17245705870
+17246125525
+17247341722
+17245169264
+17249884402
+17245701872
+17245561385
+17245188278
+17245709201
+17249104262
+17247346972
+17245167508
+17245134291
+17245560644
+17247346497
+17244134006
+17249719783
+17245130963
+17245183406
+17249026378
+17245186660
+17249805583
+17245566044
+17246128619
+17249805726
+17245562544
+17245132669
+17244131783
+17249740096
+17249882214
+17247122537
+17244132594
+17245709400
+17249880839
+17249107675
+17249022084
+17244135481
+17244139899
+17245705581
+17245183713
+17245134120
+17245138703
+17247348524
+17249888943
+17245137621
+17245160906
+17249107689
+17249718422
+17247342303
+17244134447
+17249804850
+17249805847
+17245564370
+17249020483
+17245169796
+17247126732
+17247348100
+17245184836
+17247343480
+17249803117
+17249025545
+17244134318
+17249745699
+17245188323
+17249105546
+17245133677
+17245189747
+17247128971
+17245182864
+17249806380
+17249888098
+17249745872
+17249807376
+17249806666
+17249029094
+17249880228
+17249106772
+17249889919
+17249022189
+17247344048
+17249889399
+17249715756
+17245136317
+17249746432
+17245567483
+17245182385
+17245168614
+17245165133
+17249100837
+17249108202
+17247345479
+17245704593
+17245139168
+17245187416
+17249104190
+17247122389
+17249103342
+17246125035
+17244133357
+17245138687
+17249028402
+17245707982
+17249801115
+17249025001
+17245166465
+17249888158
+17249882116
+17247129437
+17246125069
+17249880409
+17249740532
+17245568191
+17245566851
+17244136571
+17246127464
+17245188529
+17249802702
+17249027430
+17245185923
+17246126559
+17249747722
+17249742124
+17247343364
+17246126523
+17247346352
+17245168324
+17245162573
+17249020615
+17247344570
+17244130186
+17249718964
+17249744137
+17245180852
+17249022635
+17244131459
+17245183138
+17247120836
+17244132693
+17247340167
+17245708866
+17244134956
+17249107904
+17249103880
+17245139562
+17245703131
+17249025105
+17249025798
+17245166137
+17246121494
+17249744011
+17249881666
+17245707000
+17245181135
+17247120209
+17249886337
+17245181014
+17245569869
+17245162248
+17249800775
+17244130351
+17247342585
+17247127662
+17246129305
+17244133699
+17247340295
+17245187204
+17244136561
+17245188470
+17249807068
+17249024124
+17247347871
+17249743285
+17249747654
+17247129079
+17249807671
+17245188596
+17244130298
+17249109524
+17249885557
+17245707884
+17247345902
+17249027846
+17249740025
+17249745426
+17244130557
+17249888500
+17245562784
+17245189231
+17245705838
+17244135014
+17247348757
+17245180330
+17245569775
+17246122320
+17249716866
+17249024786
+17249712954
+17245709217
+17245185280
+17249887640
+17249105999
+17245131882
+17247343555
+17249717852
+17247346797
+17245562986
+17244138177
+17245700517
+17245566257
+17247123900
+17249711466
+17245705667
+17249023326
+17249742035
+17245186089
+17249100068
+17244130452
+17249884206
+17249106960
+17246128588
+17249803332
+17246120742
+17249021266
+17245165274
+17249881164
+17249804415
+17245560808
+17249103172
+17247348884
+17245708480
+17244132059
+17247127244
+17249809222
+17245707333
+17244136328
+17249807176
+17247129892
+17249749395
+17249806798
+17244131116
+17245162092
+17249028323
+17249800480
+17249107268
+17249887662
+17249881810
+17249024758
+17245137316
+17249807754
+17247120602
+17249886073
+17247343347
+17245167786
+17249746326
+17247342346
+17244137608
+17247343975
+17245130432
+17247347704
+17245135242
+17249106064
+17245561352
+17249104339
+17249102729
+17249713106
+17249801731
+17247340145
+17249714995
+17247122241
+17247343428
+17244131291
+17249102246
+17245135475
+17249809357
+17249749473
+17249716674
+17249103674
+17245131254
+17246129832
+17247341905
+17245167888
+17247345732
+17245701979
+17245161673
+17245189355
+17249716007
+17249806337
+17245569998
+17245133570
+17247121556
+17249884272
+17244135056
+17247120163
+17246123217
+17249101600
+17249712105
+17245703735
+17245166532
+17249889040
+17247128255
+17249026559
+17249887267
+17249715375
+17249803421
+17246125907
+17249029164
+17244130072
+17245131250
+17245162983
+17245133816
+17245133121
+17247128941
+17247343161
+17247347441
+17247345389
+17247128891
+17244131043
+17247129153
+17246126127
+17247344793
+17249880616
+17249025198
+17245702501
+17249881525
+17249807104
+17249743538
+17245138047
+17245562495
+17249108206
+17249802649
+17249805790
+17249025641
+17245700194
+17245135915
+17249105812
+17249108655
+17249880864
+17246120267
+17249103881
+17245182666
+17245168432
+17249718390
+17249888647
+17245188181
+17247349279
+17244133828
+17249803336
+17246128128
+17249803588
+17247125219
+17246128527
+17246125473
+17247344841
+17249889278
+17246121831
+17245134308
+17249714132
+17245135173
+17249107426
+17245169271
+17247128768
+17244138387
+17245182692
+17249109401
+17245135171
+17244137294
+17249100423
+17247128673
+17245185061
+17245703907
+17249023640
+17245163744
+17249718923
+17249027817
+17245560014
+17245161304
+17245160982
+17246128637
+17249714063
+17249747627
+17249719423
+17249108598
+17245167831
+17247346471
+17245168712
+17245560479
+17249713650
+17245162074
+17244139654
+17249104024
+17246129300
+17249883863
+17249741521
+17249743454
+17249025827
+17249029043
+17249886027
+17244139686
+17245188006
+17246120393
+17245705558
+17245707869
+17246122741
+17246127710
+17249746541
+17245180035
+17249102515
+17249747206
+17249714986
+17249717878
+17245565778
+17249808356
+17249025363
+17245569325
+17249024441
+17247345603
+17249719388
+17249710237
+17249807323
+17245166329
+17249711430
+17245706053
+17246128068
+17245163543
+17247129941
+17244132986
+17244133452
+17245165937
+17245704381
+17249888447
+17245181399
+17245164961
+17249806637
+17249107574
+17244134929
+17245167900
+17249884962
+17245135002
+17245138861
+17245189173
+17245131339
+17249809457
+17245701463
+17249886486
+17247121482
+17249025006
+17249807252
+17245561944
+17249026791
+17246127852
+17247128357
+17245131225
+17246120033
+17249745990
+17249025911
+17245568356
+17249105304
+17246129944
+17249717952
+17249028625
+17249802695
+17249102398
+17249315954
+17249318009
+17249313587
+17249319236
+17249319339
+17249311774
+17249311837
+17249310693
+17249316103
+17249311200
+17249319823
+17249313988
+17249313627
+17249316904
+17249311614
+17249314759
+17249314008
+17249315219
+17249319830
+17249317724
+17249310499
+17249315860
+17249310344
+17249311813
+17249315140
+17249312252
+17249315351
+17249317535
+17249317347
+17249313095
+17249310034
+17249318903
+17249313768
+17249310042
+17249318016
+17249315413
+17249314424
+17249313257
+17249312441
+17249312360
+17249311384
+17249315841
+17249314401
+17249319457
+17249318927
+17249314234
+17249319269
+17249315876
+17249316988
+17249311088
+17249311553
+17249317591
+17249310944
+17249315299
+17249315505
+17249312251
+17249313188
+17249312567
+17249310858
+17249315712
+17249313282
+17249310061
+17249318196
+17249318907
+17249315058
+17249318082
+17249312423
+17249319542
+17249319186
+17249317263
+17249318619
+17249314373
+17249310229
+17249315856
+17249313806
+17249310951
+17249310727
+17249313913
+17249312640
+17249310552
+17249317706
+17249313488
+17249311031
+17249310004
+17249318994
+17249318759
+17249316065
+17249312997
+17249317008
+17249318944
+17249310901
+17249317846
+17249312864
+17249313799
+17249312231
+17249313471
+17249311722
+17249315862
+17249311851
+17249312675
+17249319186
+17249314010
+17249315809
+17249314513
+17249314352
+17249319704
+17249314501
+17249315824
+17249313253
+17249318543
+17249311101
+17249316703
+17249317957
+17249314861
+17249319713
+17249312569
+17249318838
+17249310295
+17249319056
+17249318633
+17249314354
+17249319031
+17249313378
+17249319001
+17249318168
+17249315248
+17249311325
+17249317418
+17249310657
+17249310556
+17249316284
+17249316757
+17249314680
+17249315002
+17249317187
+17249316498
+17249312686
+17249317605
+17249312683
+17249316940
+17249311207
+17249316595
+17249313854
+17249317577
+17249315985
+17249317663
+17249317685
+17249310378
+17249318290
+17249316249
+17249317847
+17249315059
+17249316781
+17249318459
+17249313501
+17249316130
+17249310765
+17249319584
+17249313513
+17249318063
+17249312379
+17249310810
+17249315511
+17249319201
+17249318241
+17249317219
+17249319870
+17249314566
+17249319527
+17249313832
+17249316673
+17249316364
+17249313711
+17249314983
+17249318713
+17249313085
+17249314212
+17246786234
+17243726038
+17244561405
+17246746643
+17242552982
+17248595488
+17242552861
+17243225267
+17243558022
+17243445977
+17244562248
+17243012788
+17245911139
+17248145636
+17248599538
+17247574389
+17242448264
+17246014585
+17247879243
+17249778588
+17249444889
+17249963748
+17243167331
+17243160341
+17248824858
+17242445139
+17248820125
+17246994874
+17246228614
+17246992336
+17243880283
+17249926955
+17245914194
+17249848915
+17246109309
+17243664758
+17248407792
+17249445136
+17247572018
+17246784534
+17244627759
+17242552790
+17248226531
+17244547539
+17249912868
+17249770099
+17246813432
+17243552088
+17248333167
+17248227757
+17249778578
+17244567226
+17246016246
+17247873175
+17249869001
+17244623541
+17246642296
+17248401618
+17243667114
+17246784232
+17243017149
+17247576733
+17244330459
+17244332899
+17245910507
+17243220253
+17248401353
+17248227456
+17249915416
+17248599505
+17246832710
+17244625034
+17249777358
+17249927441
+17243161207
+17246788534
+17246995510
+17244229676
+17243015001
+17248403745
+17244569196
+17243227048
+17247715210
+17243729128
+17243312282
+17242557825
+17243552952
+17243550276
+17243668135
+17243559175
+17249864573
+17244222825
+17249777805
+17243312203
+17248165269
+17248141523
+17246745718
+17248220218
+17249840833
+17249613326
+17249773985
+17247713419
+17244220315
+17243318211
+17249867401
+17247479881
+17246747344
+17247877586
+17243555977
+17243880688
+17248593927
+17248596820
+17243728007
+17246782803
+17247475976
+17244545653
+17244549761
+17246640336
+17246997401
+17248825527
+17248143144
+17248828241
+17242555990
+17247710635
+17242723656
+17244489488
+17249914443
+17243223066
+17247575974
+17245914218
+17249770028
+17248821958
+17247876640
+17244222791
+17247470698
+17243554301
+17244481946
+17246835883
+17242721084
+17248160718
+17245919657
+17249968177
+17248337161
+17249442754
+17242558355
+17247571946
+17247479125
+17248400684
+17248220805
+17248147912
+17248405924
+17243440043
+17249911794
+17246994885
+17244564191
+17246644853
+17247471600
+17246782494
+17243227767
+17246834295
+17244625843
+17243440004
+17249924668
+17246102971
+17244562703
+17243318427
+17243555094
+17246998783
+17243881195
+17249961946
+17245916504
+17245918086
+17247717342
+17246225843
+17246996148
+17249967433
+17246643177
+17248821752
+17248820850
+17249915866
+17247578266
+17243310124
+17248144942
+17248802320
+17246813624
+17242447599
+17242446124
+17243013131
+17249773674
+17248809699
+17248409818
+17246646499
+17247711939
+17244336962
+17246992920
+17246642643
+17249960266
+17242550630
+17243228564
+17246747482
+17247660637
+17248165206
+17244560001
+17248804132
+17246811815
+17248144738
+17248751601
+17246642917
+17246224651
+17247668046
+17249965247
+17246839369
+17242446089
+17249860693
+17243727131
+17247578407
+17246100592
+17249771077
+17246815337
+17246646785
+17246226239
+17246812180
+17246228195
+17247573165
+17246015367
+17247479873
+17243559600
+17243661635
+17246789197
+17243668623
+17244620947
+17246019363
+17243016842
+17243169634
+17249864017
+17249923515
+17242729696
+17249448373
+17242726421
+17243166671
+17243012193
+17242725622
+17246789998
+17244480456
+17249610195
+17249910064
+17242724559
+17249771659
+17243721665
+17248160490
+17248801739
+17243889615
+17248163604
+17244567628
+17244545283
+17249919917
+17243662006
+17248143254
+17246747961
+17242443854
+17243665810
+17243555381
+17247667715
+17247875857
+17246109386
+17244548036
+17243888745
+17248403913
+17246995599
+17244225190
+17246647925
+17246647780
+17242552103
+17244548441
+17249866486
+17248825528
+17248828423
+17243558343
+17242720148
+17246817704
+17247878538
+17249619242
+17249924065
+17244569625
+17243311179
+17243319241
+17243662994
+17242444445
+17248825595
+17248141942
+17249847757
+17246105218
+17243319344
+17244561964
+17248591895
+17246647526
+17248337036
+17246641769
+17247715813
+17246810563
+17246741858
+17249860159
+17248336578
+17244224903
+17244562838
+17244220530
+17243164313
+17246641142
+17248165449
+17246104203
+17242552012
+17242553084
+17249968237
+17249867647
+17248756275
+17246223986
+17248598901
+17246225190
+17243014158
+17247662314
+17246228299
+17249926512
+17249845878
+17248594438
+17248147557
+17246789218
+17247876950
+17248596958
+17248227930
+17243445413
+17243720340
+17243662536
+17249965769
+17244540702
+17246812186
+17246811351
+17246105712
+17244226634
+17246834157
+17243728194
+17246818647
+17248599755
+17249619403
+17242555240
+17244628750
+17242447028
+17246994993
+17248148388
+17248225419
+17243448569
+17249915957
+17249866214
+17244334804
+17249446392
+17244544453
+17248141938
+17242727284
+17246012929
+17248149020
+17243223928
+17248759114
+17249927797
+17243668419
+17249860621
+17249922306
+17246742702
+17247874474
+17243727751
+17249617761
+17246782954
+17246640325
+17244561114
+17247713697
+17249774965
+17246812939
+17244564924
+17246648574
+17249960479
+17244567898
+17248801474
+17245910614
+17247478995
+17244561238
+17244339993
+17244224393
+17249614847
+17249849798
+17248750842
+17244332224
+17246748878
+17243722436
+17242551183
+17244563397
+17246837998
+17244480757
+17243724281
+17246816676
+17249966909
+17248224576
+17246229126
+17249611592
+17249615951
+17243443787
+17248164131
+17249861983
+17243444834
+17244336708
+17247667174
+17248755043
+17243666980
+17249921450
+17246019684
+17249911921
+17242729308
+17244564455
+17249917670
+17249868857
+17249912699
+17246832701
+17246018533
+17242552885
+17243885368
+17243163936
+17248753987
+17248752350
+17242552335
+17242722591
+17246786925
+17246228407
+17244549773
+17249846939
+17246998005
+17242721653
+17248820328
+17248143522
+17243160052
+17243887815
+17246018236
+17248401865
+17246996276
+17247478732
+17243550541
+17246997775
+17243166443
+17247577132
+17242558828
+17244484811
+17243883221
+17246220606
+17247877753
+17244482255
+17246648199
+17246819383
+17244625366
+17246836741
+17243166498
+17248140313
+17244625435
+17247471601
+17249928023
+17244564208
+17248803021
+17247661803
+17247570823
+17248162765
+17247575315
+17248829638
+17243720612
+17249913049
+17244223984
+17246831204
+17249616274
+17248223818
+17246224163
+17244485344
+17247571275
+17246229825
+17242559084
+17243013448
+17242721269
+17249916693
+17246784390
+17248408096
+17242723775
+17249771579
+17249862401
+17244626193
+17243440488
+17248335714
+17246229033
+17249449824
+17244540307
+17243440518
+17243551893
+17248165057
+17244547199
+17243668689
+17242448356
+17243223948
+17247572194
+17244487264
+17247573393
+17243222138
+17248165211
+17249916713
+17246990948
+17246818671
+17242443347
+17248405930
+17248227282
+17243012071
+17246781165
+17249969304
+17244229418
+17246011547
+17243449580
+17244543918
+17243447265
+17243224105
+17243442548
+17247478978
+17249917966
+17243016981
+17247877742
+17247665974
+17245913111
+17244621408
+17246745045
+17244625347
+17246106252
+17246102881
+17243445736
+17247574327
+17248800239
+17244624578
+17244620719
+17246810640
+17248802996
+17248824169
+17242552350
+17244487107
+17249862501
+17243010993
+17246108076
+17243884876
+17246811486
+17248161930
+17242555037
+17248148925
+17246741681
+17248592900
+17249866048
+17247710090
+17248337901
+17249846748
+17246787213
+17246993996
+17242551490
+17248407990
+17248801601
+17242557364
+17244569932
+17244221308
+17243665206
+17243448118
+17249442840
+17248146939
+17249911131
+17246225174
+17248335398
+17249771248
+17249841992
+17247870696
+17248225646
+17243311422
+17248331216
+17248828741
+17246994346
+17243164233
+17248143602
+17243016730
+17245918457
+17244333936
+17246997525
+17246784643
+17242444443
+17247479512
+17246810363
+17246744562
+17243167010
+17246220144
+17248221789
+17244562088
+17249910694
+17243016754
+17243162599
+17247870508
+17244486867
+17249441693
+17249966684
+17244488652
+17248595483
+17248161967
+17249868105
+17249842611
+17248593752
+17244335081
+17249916897
+17244621933
+17249771941
+17248140803
+17244221000
+17243444869
+17248336576
+17249448695
+17243666687
+17248594520
+17247574703
+17246784920
+17249922632
+17248149778
+17248141973
+17248828710
+17248222759
+17244546548
+17247663097
+17243019436
+17248803922
+17246222967
+17242442623
+17246833789
+17244337750
+17249444476
+17245915798
+17248825829
+17246015892
+17248226516
+17249440076
+17248826426
+17248406941
+17249610785
+17247477459
+17249862876
+17247870421
+17247474638
+17249448292
+17246104888
+17243449870
+17244338333
+17244621519
+17249914466
+17247872228
+17244332013
+17248331154
+17247572154
+17246811315
+17247877739
+17243310940
+17247573535
+17246994917
+17248803190
+17248161433
+17246819963
+17243884895
+17249619029
+17247872884
+17249864352
+17249915061
+17246832335
+17248163668
+17242723056
+17246991676
+17243015470
+17243318083
+17243011630
+17246641140
+17248149333
+17248409228
+17248169025
+17248754026
+17243163057
+17247714622
+17244548501
+17244625158
+17243162849
+17242442761
+17246741455
+17248222697
+17246103684
+17243664418
+17243885638
+17244546522
+17246747445
+17245914558
+17244336085
+17244223193
+17243318091
+17244331576
+17248827309
+17249778788
+17249920063
+17248335272
+17248141992
+17249916531
+17249966585
+17243228993
+17249772557
+17246839854
+17244569961
+17249448151
+17243448279
+17244623922
+17248405555
+17246812544
+17248405049
+17244227223
+17248805619
+17244223816
+17246645794
+17242720314
+17246014999
+17244564982
+17246997933
+17249969595
+17248590490
+17243440342
+17249844145
+17243222460
+17248166510
+17247570920
+17244482087
+17246226546
+17246993405
+17243162110
+17249926047
+17242448322
+17248804219
+17247879215
+17243724129
+17246991355
+17245918251
+17246749168
+17248164484
+17243557640
+17249840387
+17249776712
+17246786501
+17242551589
+17247662385
+17249925424
+17249779182
+17249771732
+17243721961
+17249844555
+17246812260
+17248804630
+17248594287
+17243556823
+17243444906
+17243720169
+17244483485
+17249440628
+17243663110
+17249962495
+17248407871
+17247663287
+17248406491
+17243012981
+17249775474
+17247871391
+17248338430
+17243662539
+17245910292
+17249965966
+17242551801
+17242559330
+17249967295
+17243017598
+17247577210
+17246812423
+17249844621
+17243729420
+17242728493
+17248143138
+17246789091
+17249918349
+17246741472
+17244625790
+17242729820
+17244621558
+17246649577
+17248333897
+17248804642
+17246011283
+17249842702
+17243886360
+17246746876
+17248167694
+17242728061
+17247716187
+17246745866
+17243169698
+17249845732
+17242445256
+17248409730
+17245918131
+17244565856
+17246782674
+17243315997
+17246995596
+17249927590
+17248824382
+17246994712
+17249962493
+17242728179
+17248827365
+17247664868
+17246780377
+17244337347
+17247718909
+17246812618
+17246105908
+17249960009
+17246785599
+17242724831
+17243222650
+17245912795
+17243163879
+17247876066
+17249617864
+17247668213
+17243161296
+17242448685
+17248755980
+17246107738
+17246742380
+17249866969
+17243162817
+17244568496
+17247474029
+17249915709
+17246781817
+17249964199
+17249916899
+17246749122
+17247579507
+17249610567
+17244562686
+17249842746
+17246640780
+17244548256
+17248333937
+17244545476
+17243887378
+17246647697
+17244625889
+17247712714
+17248404229
+17245914222
+17248141666
+17248757589
+17246010883
+17248168823
+17246640493
+17248406404
+17248165753
+17246102964
+17248144073
+17246997720
+17247572634
+17246016928
+17247665016
+17246832234
+17249616921
+17246744645
+17248337525
+17243729097
+17242726409
+17243316329
+17248829592
+17242556501
+17244224513
+17243223977
+17249612332
+17246783207
+17244221349
+17244546013
+17248820038
+17249966429
+17246819993
+17244548852
+17248161679
+17247711803
+17246995281
+17248400818
+17247477620
+17249915548
+17244225180
+17246990702
+17244333839
+17249917974
+17244549734
+17246813254
+17249846047
+17242550454
+17243013103
+17248753819
+17248802766
+17246746398
+17248331034
+17249968461
+17247878953
+17244541729
+17249777175
+17246992448
+17242441165
+17248167299
+17244224476
+17244568652
+17249926061
+17244566441
+17246016244
+17246780511
+17246105086
+17247579787
+17243669418
+17244562488
+17243162111
+17247717576
+17246749189
+17243722867
+17244624467
+17242555585
+17249614447
+17248594384
+17247475713
+17249443569
+17243728266
+17249919481
+17247474698
+17244627596
+17246786034
+17248163375
+17247473349
+17249777424
+17248149959
+17243442389
+17249966680
+17249969312
+17249444771
+17248331592
+17242442809
+17244562358
+17242557042
+17248333218
+17248593439
+17243727797
+17244484108
+17249441005
+17248333979
+17247477864
+17249962901
+17246830782
+17248145756
+17244225067
+17249928506
+17243552662
+17248333924
+17248162430
+17248227166
+17243555750
+17248824436
+17246748688
+17242556451
+17247667987
+17246649280
+17248146396
+17248146846
+17243161279
+17245913612
+17246780587
+17246839939
+17244547222
+17248166293
+17242553470
+17243669364
+17244225094
+17243886643
+17249846159
+17249443737
+17243312491
+17248827489
+17249862188
+17249774897
+17249926022
+17244481979
+17242449555
+17243720453
+17249916982
+17244544399
+17247579232
+17243886401
+17248165206
+17249779339
+17249444825
+17248140033
+17243220659
+17249841662
+17246011630
+17244566543
+17242449779
+17243220337
+17248339094
+17243885117
+17243662874
+17249915087
+17247716537
+17245918862
+17246107589
+17243013829
+17249440214
+17248403082
+17242558715
+17246102072
+17244568584
+17246785041
+17243220333
+17246748144
+17243012846
+17249847728
+17248807519
+17249840900
+17243163034
+17249842457
+17246646932
+17246641196
+17248401532
+17244567945
+17244480569
+17247875264
+17243165402
+17243727790
+17246010877
+17249615326
+17244333582
+17246995873
+17242722630
+17244624505
+17247871462
+17243449503
+17243884967
+17247572998
+17249616036
+17249969526
+17248333289
+17244561678
+17247871489
+17243017829
+17248827297
+17248229552
+17249919344
+17244335971
+17244540061
+17249614989
+17248754245
+17243167120
+17248802579
+17247872426
+17243551319
+17248596550
+17246645713
+17242444040
+17242448091
+17243445147
+17249914062
+17247667320
+17248229929
+17245914516
+17242550725
+17243448388
+17248401088
+17249445996
+17248409040
+17243444728
+17248147335
+17244333627
+17248756901
+17244629780
+17242729632
+17246781812
+17243168673
+17248823736
+17243557592
+17243443778
+17247573284
+17248400847
+17249927531
+17249771764
+17247575046
+17248224487
+17248809048
+17246832981
+17248160205
+17243555845
+17244625638
+17242559633
+17243728477
+17247573571
+17245911380
+17243669436
+17249777591
+17243313114
+17249841939
+17243665236
+17243019663
+17248400242
+17244561310
+17245914692
+17243440112
+17247477715
+17249863349
+17244483894
+17246011621
+17248406814
+17248802415
+17243017420
+17248222414
+17243017066
+17243225375
+17244486015
+17249446220
+17247667440
+17244622224
+17245911105
+17243220282
+17247667902
+17249616602
+17246812471
+17243881064
+17248224242
+17246221379
+17248169905
+17247714098
+17248405974
+17244338879
+17248338064
+17243013848
+17243558010
+17247663807
+17248330522
+17244625945
+17247476362
+17249912515
+17248591653
+17243227228
+17245913624
+17248145818
+17244561443
+17246819064
+17243015491
+17247575303
+17249922649
+17243165708
+17249861469
+17247472020
+17246643902
+17246831607
+17246013445
+17249777046
+17248222370
+17247571090
+17244339845
+17243728926
+17247474853
+17248592421
+17243558623
+17249614761
+17249915087
+17248590437
+17249924173
+17248225018
+17246740284
+17249917337
+17246223595
+17244567704
+17248756761
+17243723358
+17249442880
+17244622766
+17248407094
+17248161968
+17248800142
+17243319015
+17244540702
+17244220914
+17244481733
+17249968773
+17248825696
+17243663036
+17243559087
+17246011225
+17249968766
+17242440191
+17243665350
+17247716845
+17244482380
+17245916537
+17243443870
+17244562627
+17248332296
+17248808307
+17246106455
+17247576628
+17243314068
+17246994003
+17243229650
+17248330202
+17242441553
+17246744496
+17249969051
+17249960187
+17243319181
+17244566969
+17243016105
+17247576645
+17248400549
+17247472204
+17246223773
+17243164885
+17247662720
+17248828694
+17249448179
+17246015297
+17244331851
+17249443568
+17249925302
+17244330459
+17243443627
+17246815838
+17249861901
+17248821666
+17246818571
+17246816168
+17246746846
+17243228390
+17247711501
+17244222984
+17246811532
+17249916922
+17247713075
+17244333463
+17248167960
+17247577298
+17246226784
+17246833008
+17248591576
+17244334328
+17247668483
+17247660744
+17246106363
+17246647366
+17249969374
+17246839931
+17248142297
+17243445747
+17242442454
+17243319862
+17248751365
+17246226965
+17243016021
+17243442804
+17249912260
+17247577418
+17246644599
+17243553060
+17246101815
+17248227283
+17242729522
+17243661548
+17247874680
+17247475589
+17248145745
+17248407111
+17248590745
+17243018056
+17245911190
+17246780010
+17247578150
+17244563890
+17243223245
+17247471666
+17243442129
+17248758556
+17243228997
+17249848581
+17247470154
+17244547531
+17248808296
+17242558009
+17245917123
+17246817714
+17242722921
+17248754492
+17249845019
+17248801485
+17247717938
+17248407234
+17245912163
+17248596437
+17242558968
+17246780014
+17247668204
+17243222566
+17248221146
+17243164956
+17249841028
+17246646925
+17248407439
+17249773121
+17243444186
+17245911166
+17243223262
+17249848625
+17244222619
+17248801909
+17243725896
+17244547240
+17243661496
+17242558309
+17247669504
+17243166945
+17248403040
+17248403045
+17246830406
+17243164475
+17242551300
+17248145568
+17249443992
+17243013462
+17243441510
+17248808777
+17244488225
+17248336549
+17247874800
+17249844498
+17249913177
+17248828913
+17244481398
+17247660865
+17243314921
+17247871362
+17246748263
+17245910377
+17243555295
+17246643329
+17244229385
+17247475317
+17248759074
+17242558740
+17243314389
+17243883412
+17248805816
+17244225428
+17243665838
+17243446355
+17243313699
+17246102070
+17247877578
+17248754090
+17246100651
+17245910808
+17248800500
+17248751997
+17247711311
+17243161498
+17246224094
+17242557154
+17244480602
+17246785773
+17249442626
+17248400159
+17248163680
+17244337369
+17248756760
+17242559313
+17242557376
+17249446708
+17247479865
+17244625600
+17246740878
+17244545469
+17248333964
+17243664518
+17249448612
+17248408881
+17249776876
+17248405334
+17248337057
+17248829732
+17246011329
+17244229824
+17249919540
+17243014384
+17249442142
+17246106275
+17249617888
+17245911070
+17249447769
+17243010096
+17248800699
+17244223122
+17248800265
+17243720605
+17244221647
+17249778388
+17243311096
+17249611491
+17248404479
+17249965447
+17244625194
+17249446831
+17247665936
+17243163113
+17246018115
+17243669308
+17243010054
+17246830709
+17244540260
+17242446766
+17244546052
+17244624001
+17242447446
+17248221070
+17243559472
+17248229170
+17243223290
+17246010354
+17246014476
+17248754035
+17243721244
+17243444068
+17244564421
+17243554624
+17249778772
+17246810560
+17243162806
+17249773600
+17248592357
+17244546739
+17244567844
+17243664165
+17243018649
+17244488457
+17246818776
+17244332775
+17248147585
+17248145279
+17247474866
+17243883189
+17247879069
+17243722601
+17249840176
+17244227394
+17244569458
+17248404242
+17243314384
+17243886958
+17249841781
+17247712261
+17247477855
+17243889463
+17246018921
+17248403543
+17242559658
+17246817753
+17248751971
+17244226220
+17247872869
+17246836300
+17246647878
+17243558073
+17246015636
+17249961688
+17244560340
+17246224640
+17247576292
+17249844529
+17247474767
+17245911519
+17249772987
+17247877773
+17249618725
+17243161248
+17248751957
+17244336762
+17244221057
+17243220785
+17243881238
+17243669970
+17248225655
+17248823798
+17247871640
+17247719215
+17246226979
+17249964054
+17248759743
+17244625797
+17243889229
+17246011273
+17249910384
+17248221924
+17246998963
+17246990230
+17249867168
+17246834316
+17244548480
+17247576466
+17245912661
+17242551499
+17242724046
+17243310350
+17243662140
+17243885268
+17246013462
+17248595385
+17244335511
+17248401068
+17248756370
+17246106946
+17248752619
+17244224564
+17243164666
+17248599881
+17248407986
+17245910614
+17248807575
+17248820489
+17243221691
+17249843522
+17242553300
+17246787838
+17248166510
+17244544358
+17247712022
+17246226793
+17247577229
+17248401874
+17247471309
+17243016934
+17249919368
+17249961348
+17243223512
+17248407191
+17249917608
+17248228515
+17242554186
+17246813604
+17247666302
+17243314574
+17249960561
+17245915767
+17248223105
+17246780261
+17243015726
+17243014598
+17248403148
+17248824960
+17243160346
+17248822612
+17249969160
+17248148058
+17243163637
+17248407309
+17244566012
+17247664663
+17246818117
+17246993783
+17243881679
+17247479399
+17247473677
+17247474082
+17249619164
+17246993008
+17249868287
+17247716758
+17249961287
+17247474100
+17243446231
+17248168976
+17244547215
+17244562298
+17246742994
+17248593462
+17243880398
+17247874038
+17246813646
+17248406568
+17249770057
+17247664511
+17249921405
+17244222498
+17246643331
+17249770633
+17244542992
+17249842192
+17247571339
+17246015018
+17249860656
+17246811845
+17248229375
+17244488804
+17249840865
+17249442206
+17246812209
+17249619037
+17248222998
+17249968972
+17248169125
+17244623869
+17249910021
+17249927572
+17246227343
+17249445655
+17243160000
+17249618885
+17247475178
+17249841281
+17244221231
+17243721233
+17249927777
+17247873359
+17248149922
+17243316939
+17243662353
+17246019774
+17244566521
+17244568306
+17244337452
+17248166317
+17243553115
+17244548682
+17246012953
+17248149310
+17248751198
+17248222601
+17248332565
+17243881115
+17246789530
+17248408395
+17246835387
+17246999950
+17244628905
+17244484224
+17249968940
+17248165357
+17246832841
+17243019443
+17243889440
+17247573809
+17248149648
+17246106892
+17249447677
+17244333077
+17246228466
+17248598863
+17246222183
+17249841890
+17246221855
+17249911656
+17243725859
+17247478880
+17249619810
+17243228141
+17246999801
+17244548897
+17247710384
+17246225066
+17244542661
+17244565569
+17249849137
+17243669679
+17242720146
+17243161269
+17246222363
+17243014657
+17247570312
+17249774500
+17247570179
+17242558365
+17247475462
+17246785016
+17247666539
+17243889948
+17249922112
+17249919646
+17244228727
+17247470781
+17243162016
+17242725541
+17248827245
+17244485027
+17244229086
+17249848861
+17246102163
+17245910414
+17248407218
+17246646189
+17244626504
+17246819322
+17246996103
+17249969275
+17249845362
+17249926351
+17246229564
+17243318857
+17249868263
+17248167859
+17244225102
+17249771699
+17244223003
+17248825903
+17243316179
+17246101278
+17248228180
+17243164190
+17248339101
+17243319722
+17244222697
+17246834592
+17243011715
+17248756674
+17247874037
+17244623250
+17248599985
+17246992628
+17247474041
+17246992740
+17248755427
+17248164449
+17243554838
+17242558481
+17248801374
+17242444676
+17246784348
+17244221702
+17242551126
+17243661688
+17249960879
+17249965357
+17248752373
+17248824651
+17246107810
+17243442408
+17243555532
+17244624408
+17244332168
+17245910912
+17243319566
+17243449529
+17242553252
+17242727775
+17248147394
+17242559427
+17244223171
+17249867752
+17243722315
+17249772864
+17246992678
+17242559264
+17244566999
+17242723278
+17248145468
+17248800912
+17247475270
+17247477611
+17243889522
+17243727904
+17243729377
+17245917692
+17242552549
+17246789655
+17248599918
+17249963435
+17247665807
+17243315222
+17246014931
+17248806978
+17246748330
+17246990985
+17244546844
+17248404960
+17247471287
+17243669659
+17248332161
+17242725625
+17248225363
+17246832784
+17243310241
+17248755624
+17247711312
+17248827895
+17244224097
+17246998910
+17249841450
+17246016555
+17247662363
+17242725460
+17248752381
+17246011911
+17246814667
+17249910851
+17244561988
+17249965304
+17248339052
+17242728541
+17243314444
+17247714457
+17249919754
+17248757394
+17247719421
+17242727858
+17248803066
+17249918403
+17247879504
+17244339362
+17243164569
+17246781361
+17243557301
+17246107860
+17248823792
+17248335223
+17247669840
+17249868677
+17242554500
+17243443921
+17246010761
+17243311007
+17243661183
+17247669724
+17246835686
+17243441971
+17248147915
+17249922762
+17246748350
+17244626715
+17247713299
+17248169868
+17249914986
+17242440953
+17249860010
+17244547411
+17249776275
+17249914659
+17247472433
+17244488470
+17248591961
+17248161018
+17249863824
+17244228469
+17248828409
+17244226927
+17249444435
+17248401890
+17249448175
+17243664974
+17248141801
+17248160461
+17248805014
+17247574667
+17243166950
+17247574914
+17248754745
+17244221571
+17244568748
+17249919236
+17248754852
+17247710232
+17247478519
+17246227083
+17246994653
+17245917186
+17248163086
+17245911277
+17246992776
+17249611369
+17248333462
+17246784389
+17248228371
+17248331174
+17243727970
+17244334298
+17246999082
+17247668658
+17243881143
+17243012228
+17243163125
+17248339230
+17249928828
+17246815067
+17248220982
+17247474046
+17249613257
+17246109405
+17243010818
+17244622290
+17247475480
+17246010019
+17248804511
+17242722354
+17248753382
+17246819177
+17243887226
+17249924929
+17243166518
+17249914754
+17244335499
+17248224246
+17247666423
+17246016998
+17249612982
+17248229533
+17243725106
+17246640322
+17245915502
+17244544104
+17243013151
+17249776635
+17248808654
+17247472613
+17248800063
+17248148005
+17243889725
+17248590086
+17242728887
+17249928017
+17247666661
+17247576276
+17248338598
+17246646623
+17247714274
+17244489374
+17248824493
+17247712795
+17248338988
+17249923991
+17247715127
+17249446515
+17243223090
+17246103207
+17247577993
+17246741536
+17243889966
+17246812459
+17246817541
+17243011758
+17245915571
+17246780654
+17243019287
+17245918061
+17249772776
+17247476960
+17248407386
+17248590735
+17247666412
+17245910597
+17246832790
+17247574652
+17243445509
+17246832770
+17248596364
+17243161288
+17243226767
+17249845991
+17246105952
+17249776777
+17249966520
+17248143726
+17243161492
+17248406041
+17244545033
+17249612917
+17249443630
+17243222314
+17246015012
+17245914159
+17247579945
+17242442636
+17244543731
+17247475114
+17244560545
+17249860294
+17243229042
+17249969246
+17246837626
+17248824577
+17243447418
+17246010899
+17243553905
+17249920684
+17243669387
+17248148813
+17247669167
+17243444839
+17242445671
+17248335257
+17246813806
+17243725991
+17248331991
+17245913489
+17243225320
+17243166913
+17244568743
+17249619914
+17248599245
+17243018974
+17248408747
+17246995613
+17243016610
+17249922905
+17243666431
+17248145431
+17246644247
+17244338494
+17249440766
+17246011570
+17246813774
+17246819869
+17245915333
+17244221287
+17249449698
+17249616562
+17244549832
+17247479907
+17247477584
+17247668208
+17247716415
+17249775977
+17248225905
+17243557429
+17246746107
+17248144002
+17248339350
+17244542238
+17246742241
+17248753871
+17246818333
+17248752195
+17249929959
+17247572291
+17248222654
+17246785817
+17246100388
+17248592880
+17249929384
+17243889144
+17246108175
+17248595038
+17249840888
+17244548338
+17246831114
+17247470482
+17249865453
+17248404268
+17249846253
+17242445823
+17247715039
+17244628655
+17246224223
+17246743253
+17247874271
+17246646674
+17249923024
+17243727426
+17248163492
+17248828324
+17244542836
+17248336113
+17242448589
+17243885933
+17249612361
+17244229526
+17246019683
+17244628998
+17243440442
+17243317647
+17246225990
+17243314981
+17243556146
+17247574928
+17244331263
+17244542953
+17248337014
+17243016918
+17244221672
+17242557662
+17249911489
+17246741738
+17244222220
+17244226936
+17244480739
+17243447349
+17248403807
+17246224043
+17249914577
+17248223589
+17248807826
+17247579146
+17247667194
+17247572452
+17243884246
+17246742228
+17243666327
+17248400329
+17249962239
+17248160318
+17249921100
+17246748734
+17249912806
+17248823760
+17249440532
+17244485754
+17248226487
+17248331464
+17248163846
+17247664553
+17248825202
+17246819989
+17244568608
+17246810268
+17247714435
+17249869694
+17242558563
+17247870878
+17247719573
+17249867492
+17248400911
+17245914173
+17244333622
+17243445584
+17243448764
+17243551876
+17246818325
+17242724751
+17246013082
+17247475154
+17249443167
+17243445784
+17246105498
+17246746715
+17242556041
+17248163974
+17249616748
+17249449192
+17249869317
+17247579864
+17249914679
+17248143051
+17242558401
+17248751468
+17246990666
+17246010354
+17243729280
+17242449114
+17247668042
+17244486084
+17242441811
+17247718721
+17248223687
+17246740998
+17246011339
+17249925881
+17249929354
+17246990673
+17249916539
+17249868966
+17243161622
+17244628099
+17246222914
+17242721700
+17247664974
+17248754999
+17248829936
+17244229285
+17244225540
+17244483806
+17247472383
+17247662107
+17248824349
+17244628517
+17249775690
+17248224848
+17248166433
+17243725760
+17249778157
+17249441813
+17248408016
+17249912952
+17242725442
+17243169681
+17244565160
+17243163931
+17246225003
+17248331981
+17243166847
+17246817698
+17242726477
+17249928676
+17243883536
+17244622332
+17243444936
+17244331806
+17249772111
+17246742994
+17243160957
+17246645996
+17243318038
+17249448061
+17246785727
+17244545125
+17247717937
+17242557409
+17243663215
+17243888875
+17248806056
+17242551133
+17248142248
+17248597854
+17249968165
+17246014036
+17244488095
+17249847522
+17246812797
+17248169992
+17244625440
+17248169475
+17249926162
+17243724148
+17249613167
+17244564467
+17248165940
+17246014730
+17245913998
+17243723944
+17245916018
+17244541077
+17246019377
+17248407704
+17247666709
+17243449442
+17246836273
+17243447706
+17243228913
+17246742234
+17248165934
+17243163703
+17242444950
+17243727413
+17244229973
+17249918969
+17248147640
+17242448912
+17244545284
+17246108810
+17246642902
+17243446813
+17249860278
+17246782048
+17248337151
+17247578614
+17249770006
+17243669090
+17247575140
+17246011317
+17243163004
+17248333944
+17244483587
+17246226733
+17246227871
+17247712902
+17243557353
+17246783739
+17248758761
+17246016288
+17246998001
+17246643892
+17248165763
+17249774223
+17248147213
+17243316490
+17244560345
+17244625523
+17244544709
+17246830666
+17247879203
+17248168945
+17243318849
+17243226560
+17248598360
+17243014186
+17246101535
+17244481236
+17247878681
+17248597093
+17249447392
+17248140061
+17246992100
+17243882012
+17247662912
+17249863708
+17243551573
+17244540723
+17246785944
+17248750784
+17243446837
+17243228232
+17248148351
+17249919788
+17248594905
+17244336564
+17246101002
+17243229170
+17248223179
+17243555666
+17244620671
+17246786659
+17244546388
+17246109083
+17242726356
+17246103153
+17243226767
+17249860727
+17249443178
+17248333977
+17249440467
+17248590381
+17248229423
+17246100606
+17244335339
+17246101063
+17249965895
+17249969586
+17249443683
+17246225999
+17244228475
+17242555297
+17244225032
+17248598858
+17246818523
+17246222179
+17246016185
+17247662268
+17246740008
+17245913680
+17248593662
+17249616307
+17248596081
+17247573021
+17244222312
+17246837244
+17249925129
+17249919472
+17248823324
+17248756849
+17246011901
+17248224981
+17246106647
+17248169042
+17248168998
+17244562299
+17249612827
+17243443942
+17245910626
+17249441659
+17243312541
+17246991833
+17248409428
+17248228170
+17246836397
+17243221296
+17244228881
+17244222204
+17249966713
+17244545871
+17246641697
+17247577395
+17246993651
+17246224598
+17249925201
+17244546605
+17244544704
+17248808306
+17246815421
+17246742767
+17247474985
+17243556016
+17249441839
+17244628857
+17249616672
+17249926754
+17244220796
+17249917033
+17242556819
+17244332444
+17247712922
+17246991637
+17248403048
+17244337317
+17248336492
+17248822991
+17243220660
+17246646553
+17244482358
+17248590384
+17249961578
+17242553647
+17243721380
+17249868791
+17246997547
+17246997353
+17243318216
+17249446033
+17249846752
+17243010831
+17244331809
+17247579254
+17246998392
+17249771833
+17248331787
+17242721017
+17246646907
+17248146999
+17247573550
+17243012967
+17248160490
+17246830652
+17248595150
+17244224145
+17243169251
+17246108991
+17246229437
+17247664937
+17243225150
+17246225279
+17246740233
+17249863095
+17247661618
+17243552166
+17243164840
+17249843545
+17244629301
+17249845299
+17243663276
+17243221098
+17249917187
+17249961560
+17243448535
+17248334332
+17242446846
+17249773228
+17242446657
+17245914476
+17249913442
+17249860948
+17243223540
+17246101146
+17246019793
+17249863821
+17244541973
+17249841200
+17248167557
+17248221500
+17248821000
+17248409681
+17244487478
+17245911723
+17249841262
+17248144467
+17244560427
+17243019261
+17246998478
+17247711525
+17246018512
+17247477921
+17243314773
+17244223913
+17246649440
+17246995588
+17243886405
+17246103882
+17243552570
+17246224629
+17246817429
+17248142507
+17247666412
+17248165156
+17244568830
+17244482193
+17248141199
+17244334895
+17247473592
+17242446131
+17248407803
+17248401336
+17249777939
+17246832879
+17249926686
+17248168806
+17249617684
+17246745750
+17244483493
+17242448697
+17247573609
+17249960887
+17248401516
+17248149766
+17248756539
+17244620561
+17243726025
+17243883877
+17243164354
+17248752482
+17244221775
+17246785241
+17244489063
+17245913824
+17243160800
+17249860264
+17242724644
+17246649017
+17247575076
+17249869263
+17249843849
+17247570181
+17243888969
+17248598086
+17249773942
+17245916591
+17243319805
+17246993782
+17246221209
+17248406972
+17248756697
+17249445977
+17248808511
+17247668900
+17247878878
+17243443671
+17242440328
+17248593188
+17249449495
+17248597238
+17246788636
+17249921178
+17242722360
+17249442210
+17247579498
+17246783607
+17246998425
+17243889552
+17248140605
+17246813909
+17243667952
+17248758141
+17246816646
+17245919970
+17243169731
+17248149158
+17248757265
+17248162325
+17246810661
+17243881133
+17244541519
+17246786577
+17243885866
+17242721039
+17244540305
+17245919389
+17248408692
+17247578945
+17246819577
+17249964352
+17248141830
+17246101776
+17248404182
+17249848192
+17249923181
+17249849508
+17248162874
+17249774982
+17244486624
+17244560653
+17242445611
+17246838067
+17244629161
+17249615538
+17247578988
+17249443130
+17249613764
+17243724256
+17245913917
+17243664012
+17247576535
+17243161526
+17249612555
+17243014986
+17248161658
+17249925816
+17243882224
+17249844630
+17243660516
+17248335506
+17244483297
+17243882638
+17247474175
+17248221197
+17243724853
+17246226201
+17246646077
+17247471817
+17245917023
+17244486870
+17244229298
+17246104516
+17246787504
+17246012976
+17244545715
+17246815731
+17248590742
+17249614372
+17242726806
+17247667429
+17244484877
+17247669393
+17248597152
+17246226058
+17244485511
+17242551879
+17244486865
+17243012525
+17247660625
+17249446543
+17246997136
+17243559639
+17249849034
+17243555492
+17246740811
+17243559117
+17243221902
+17246788753
+17243312917
+17246999488
+17249969860
+17246835322
+17243229362
+17243440025
+17247717440
+17247477309
+17249619963
+17248402649
+17243168456
+17247577922
+17248829651
+17248149860
+17247478936
+17246645242
+17246223645
+17249912588
+17243721649
+17247472264
+17249442265
+17243669576
+17249443775
+17243555530
+17244563870
+17243880865
+17243317849
+17249965528
+17247574810
+17243223614
+17249917691
+17246220183
+17248162501
+17248401330
+17244624292
+17244623634
+17249926630
+17246743343
+17247478536
+17247876870
+17246015526
+17242559171
+17244621190
+17248147357
+17246839420
+17246224890
+17248800770
+17244480068
+17247476772
+17248228539
+17247478320
+17248147240
+17248334075
+17249619280
+17246998726
+17242443674
+17248597134
+17248409351
+17242552537
+17248330215
+17249447249
+17243013346
+17244336751
+17244489987
+17244626001
+17249445950
+17244336607
+17248808908
+17248222611
+17243222832
+17244220208
+17248826491
+17243668704
+17243224542
+17249961814
+17243443698
+17244625396
+17243441064
+17247719853
+17246783976
+17244337895
+17243443062
+17242448662
+17243015278
+17246640677
+17247571310
+17243556240
+17246228572
+17246645019
+17247719707
+17249446452
+17249777537
+17247570740
+17243162394
+17246012674
+17246745935
+17249917223
+17243318848
+17243888096
+17243013133
+17244540821
+17243169009
+17244484862
+17243318481
+17244480732
+17248409328
+17244547317
+17248409097
+17249443347
+17244620776
+17248400640
+17247478326
+17246228641
+17243884918
+17248403545
+17244620740
+17249612513
+17248229535
+17249442616
+17248806044
+17246818246
+17246835074
+17245915038
+17249445161
+17243317594
+17247472935
+17248752597
+17249929604
+17246833858
+17248808119
+17248591591
+17246011922
+17242443865
+17247879047
+17243887422
+17248407007
+17246999400
+17249927298
+17247871667
+17248160043
+17246746051
+17246837656
+17247712638
+17243019824
+17244629878
+17243664776
+17248140648
+17247475206
+17249916490
+17242556758
+17244565718
+17246789829
+17248168952
+17249610846
+17242558680
+17249866508
+17245916958
+17243881910
+17245911658
+17247474227
+17248757289
+17242448125
+17246740678
+17249928808
+17249773827
+17248166860
+17248409305
+17244339775
+17244623124
+17242550522
+17243221214
+17242552814
+17243223271
+17243666846
+17249770092
+17248593303
+17243314110
+17244541287
+17242558792
+17248336407
+17242446492
+17249924191
+17243887063
+17242446263
+17242723672
+17249860790
+17247715521
+17242723831
+17243445310
+17248408662
+17246749005
+17247470303
+17248148666
+17243313573
+17249846996
+17248828331
+17248596114
+17246780596
+17248168083
+17248593070
+17243729997
+17243162283
+17243559678
+17247715725
+17244625396
+17248229914
+17247714073
+17243888176
+17244540339
+17244220791
+17243313417
+17246833263
+17244626553
+17246743765
+17249776840
+17247878185
+17248752440
+17243661994
+17248160754
+17246643560
+17246838204
+17244626736
+17247714127
+17247711307
+17246816793
+17243728820
+17246786821
+17243222532
+17244335419
+17243019997
+17248801837
+17249961067
+17248221128
+17247668761
+17242552119
+17246013597
+17243882741
+17243445593
+17249773800
+17246647083
+17246995148
+17248755981
+17246991447
+17249847362
+17242448972
+17243014372
+17248595993
+17244548957
+17248758000
+17248801547
+17244622696
+17246999647
+17246641182
+17244220994
+17246740389
+17247718801
+17243220350
+17246015093
+17246222827
+17246839140
+17247879198
+17246227298
+17243447687
+17243011453
+17249864797
+17248405398
+17246016787
+17243660122
+17242449942
+17249965483
+17244481252
+17246815424
+17249915295
+17244567538
+17242556213
+17248143649
+17243163326
+17243880779
+17243887266
+17249862897
+17246995271
+17243661149
+17246109054
+17249929785
+17247475965
+17246996603
+17246814999
+17247573418
+17248590145
+17243316164
+17245919269
+17248807871
+17242724984
+17243011562
+17243160552
+17248824828
+17243558763
+17243886872
+17249926369
+17243556207
+17247475828
+17248160574
+17242443430
+17246012833
+17249915000
+17243725865
+17246646351
+17249867902
+17249841706
+17249913853
+17248759455
+17247873958
+17249869700
+17247879766
+17246838036
+17243221731
+17246990761
+17248161588
+17246816351
+17242727425
+17243667086
+17248404511
+17243441944
+17247719538
+17249848674
+17247473139
+17243880990
+17244228995
+17245913320
+17243665837
+17243557829
+17246223663
+17244560879
+17249849245
+17246010844
+17249842599
+17246990544
+17248166160
+17249927611
+17243660984
+17248826885
+17242725365
+17248802390
+17249772404
+17249773703
+17243013469
+17246833334
+17244624330
+17243662732
+17248161106
+17243886760
+17246991402
+17246839115
+17244336281
+17247669745
+17243445545
+17246645759
+17243013225
+17246786592
+17244544800
+17244339434
+17248596299
+17244225982
+17249914905
+17249963674
+17246107363
+17248822303
+17243889720
+17244621479
+17244228984
+17243162560
+17243318727
+17249961127
+17243883726
+17244566895
+17243313743
+17244543575
+17242722247
+17246642485
+17244336508
+17246107822
+17246998777
+17248401030
+17249963427
+17243885182
+17248594232
+17249915362
+17243442253
+17249449274
+17249912503
+17249614756
+17248596493
+17246998188
+17249914590
+17246223723
+17243440821
+17247571204
+17243880605
+17242448920
+17246744171
+17249840353
+17243448190
+17243557762
+17247478142
+17248338662
+17248161965
+17243889244
+17246997550
+17246102668
+17249772472
+17249849690
+17249911994
+17248752679
+17247663300
+17246227859
+17246838644
+17246992320
+17244548667
+17248167107
+17248828215
+17242559439
+17248168214
+17248141956
+17249917651
+17249849586
+17248828162
+17249925543
+17248149704
+17244489566
+17243313745
+17247574677
+17242720843
+17249862871
+17249442316
+17242552600
+17244336790
+17244229786
+17249869130
+17242444460
+17249914173
+17247666178
+17246994136
+17246999623
+17243313424
+17246787618
+17248822201
+17248591355
+17243660503
+17246641461
+17246837509
+17248753723
+17248805450
+17248222173
+17246992500
+17249842009
+17246833675
+17248599249
+17248146255
+17247573249
+17244487363
+17247665177
+17246788509
+17242729282
+17245918368
+17246014649
+17246789003
+17242449934
+17244562188
+17243442822
+17249910341
+17243165058
+17243446015
+17246811758
+17249775527
+17249911591
+17249776831
+17246788047
+17246835644
+17242559536
+17246831862
+17243314743
+17246015588
+17249846363
+17249849049
+17248753427
+17246994630
+17243550026
+17247478868
+17244332253
+17246220631
+17247576961
+17249910353
+17248140215
+17249610886
+17246784931
+17248596165
+17247664274
+17244567220
+17249840723
+17247474149
+17244628620
+17246015930
+17244547236
+17243888123
+17249860703
+17244568440
+17248167485
+17243165689
+17248167056
+17243448251
+17249773720
+17243010028
+17243314969
+17248337753
+17246019075
+17242552233
+17244544887
+17247874963
+17247572149
+17248140476
+17246837758
+17246835476
+17247875038
+17243318426
+17243884210
+17242721248
+17246228093
+17243164847
+17246810802
+17242723077
+17248224464
+17243226396
+17246104039
+17246017769
+17248404744
+17249443030
+17246107130
+17246644058
+17248596202
+17246106577
+17244338214
+17248330903
+17243555297
+17243728300
+17243315671
+17244488862
+17244337850
+17249922586
+17246105388
+17247575720
+17247663329
+17246745960
+17246640723
+17249967315
+17244565434
+17243556918
+17243552933
+17247711384
+17249613306
+17244226318
+17243880414
+17243168790
+17244563646
+17248222941
+17249927158
+17247718306
+17246222049
+17248229540
+17246228197
+17246643568
+17242724688
+17246780552
+17249916504
+17243725539
+17244623609
+17249612127
+17246789543
+17248148915
+17242721397
+17242441108
+17246642083
+17249846586
+17247576106
+17249861969
+17245917569
+17247472104
+17243551125
+17249963967
+17246223350
+17248756316
+17246108857
+17247874596
+17243666562
+17244220595
+17243721246
+17245913097
+17244549414
+172496+17248
+17249926182
+17248757650
+17246819463
+17247712259
+17243318755
+17248229585
+17249618132
+17249928472
+17242441101
+17242554531
+17246226489
+17246100292
+17249612691
+17248598351
+17247712478
+17248149213
+17246229889
+17244480951
+17244548162
+17242448702
+17244563810
+17247663551
+17248826748
+17243660648
+17244549155
+17249864842
+17243013691
+17248828392
+17246017487
+17243166775
+17242447954
+17249911623
+17249778687
+17248409763
+17248140978
+17246017820
+17248400894
+17243441300
+17245910846
+17248803157
+17247870636
+17246646148
+17249441409
+17244222524
+17249771409
+17246225673
+17246643582
+17248800674
+17246813858
+17247871746
+17245916407
+17243318371
+17243558402
+17249926459
+17246101903
+17243556949
+17242551948
+17246644057
+17246810877
+17248591683
+17249445803
+17246785578
+17248149341
+17244488291
+17247570865
+17243224414
+17243661982
+17243721827
+17243222539
+17246818190
+17249926837
+17242557898
+17242441025
+17243725583
+17244220963
+17243014378
+17244544129
+17249846623
+17247712392
+17249610169
+17247579991
+17249842957
+17249922266
+17248142336
+17243011529
+17243728663
+17247473875
+17244222307
+17248225006
+17248405970
+17245918527
+17243444689
+17245915775
+17243015896
+17249448331
+17249962750
+17243161891
+17247875914
+17246100474
+17243722064
+17247474433
+17248758416
+17246221375
+17246834668
+17246647857
+17248756266
+17248822206
+17244623590
+17246835994
+17249864595
+17242551245
+17244565717
+17243228267
+17242724580
+17247476586
+17248405968
+17246108991
+17248224681
+17246997685
+17243446709
+17243221483
+17246106763
+17246017465
+17248147724
+17249444424
+17248228402
+17247876337
+17249779592
+17248228578
+17244623421
+17249969908
+17243664521
+17248593406
+17243316896
+17247479144
+17247668322
+17248334750
+17249869610
+17248821773
+17243552826
+17247872743
+17243226694
+17248166996
+17248338104
+17242440970
+17243660130
+172459+17245
+17243662091
+17243442533
+17246743295
+17249928622
+17247714071
+17247571427
+17244623761
+17246224847
+17249613841
+17243886890
+17244481786
+17248800589
+17247479503
+17245919116
+17248802535
+17249443053
+17248407353
+17243019494
+17249964916
+17245910475
+17243313445
+17247662119
+17246811527
+17246813287
+17242723691
+17246839896
+17248800792
+17243883837
+17244628618
+17246740133
+17249914483
+17249920711
+17246781362
+17242443637
+17243664833
+17247573938
+17247710375
+17249962263
+17247666263
+17247473358
+17247710434
+17247711242
+17242724837
+17242559702
+17249860587
+17246016164
+17246785572
+17248331858
+17249921198
+17249926072
+17243445576
+17242559873